380664184414
79031789366
79493042404
79609910006
79231230898
79827370928
380502540635
380975609743
Номер телефона скрыт
380985900832
Номер телефона скрыт
380980976287
Номер телефона скрыт
380989392526
Номер телефона скрыт
380934022620
380989638838
Номер телефона скрыт
380984688810
380684552866
380979857253
380665054569
380973292163
380963684685
380932662607
380733229832
380939268926
380674905878
Номер телефона скрыт
380985352231
380968197046
380987282248
Номер телефона скрыт
380999444133
Номер телефона скрыт
Номер телефона скрыт
380631714037
Номер телефона скрыт
380633711920
380688315897
380985737561
380953735768
380980191781
380965410931
380977184575
79672763861
380968547606
380960160415
380961743156
380636932514
380967767411
380962194177
380688691193
380989019514
Номер телефона скрыт
380976347858
380988743305
380687797844
380668066145
380669310893
380996682724
79177887336
380931063876
380993235105
380968218431
Номер телефона скрыт
380970737962
380960521468
48786818560
380985714559
380967738402
380686494923
380507533417
380632516780
380973522157
Номер телефона скрыт
380980627465
4915111049922
380685461843
Номер телефона скрыт
Номер телефона скрыт
Номер телефона скрыт
380671758036
380680482026
380993930425
380957089934
380988390277
375333900608
380966145310
380968040182
380974070042
380988634608
Номер телефона скрыт
79019924715
380972830551
380960921394
Номер телефона скрыт
Номер телефона скрыт
380967229641
380961293772
Номер телефона скрыт
380982413690
Номер телефона скрыт
380978363670
380970567286
380933821739
380950760261
380687039687
380991892372
380679654602
380988043477
79524128208
380638667885
380933853259
380673682385
380636245073
380971874897
380937507796
380991615598
380974835377
380689153400
380502254881
380502724393
380713017843
79672464738
380502290291
380713591838
380632198402
380713240424
79817203360
Номер телефона скрыт
380714308503
Номер телефона скрыт
79493472122
380713856613
380505531359
380713681736
380507483992
380714982412
380995618786
380713732515
380500477534
380951506907
380509838761
380951223480
79281904135
380713560112
79509566887
79040758548
79836271968
79136131494
79514204122
Номер телефона скрыт
79952741703
Номер телефона скрыт
79136182709
79659740661
79509549789
Номер телефона скрыт
79136749686
79659864803
79039252856
79088057344
79083187019
79131552699
79618825455
79503301228
79835248154
79514129154
79088009434
79236907262
79236866748
79136569468
Номер телефона скрыт
79609906288
79236938523
79618491330
79087903081
Номер телефона скрыт
79136832276
Номер телефона скрыт
79136327129
79236799699
201066137765
79620548079
79509561495
Номер телефона скрыт
4917641290635
79136729160
79994542949
79514271814
79136227539
Номер телефона скрыт
79045886226
8801726024047
79503329376
79043239405
Номер телефона скрыт
38345955800
79958492188
8801326927124
79006777482
923109191835
79514133559
79514119798
79507976947
923162364850
79083128781
79230488058
79083148286
6285603576199
201065537459
79081061646
6289512701463
79022778768
79826257178
79126514282
79028734022
79025001216
Номер телефона скрыт
Номер телефона скрыт
79014547846
79826964355
79533882120
79002092524
79505637787
79995642791
79000420017
Номер телефона скрыт
79538230616
79058099242
79122498241
79530572420
79221791096
79089200666
79126400401
79530406818
79827210106
79002082314
79827409295
Номер телефона скрыт
79089187732
Номер телефона скрыт
79043882771
79995661431
79089190558
79012308217
79022767144
79826417495
79086346249
79014543880
79126666853
79505538033
79506437351
79086394347
79538200835
79024490951
79827663871
79506523804
79193781498
79827519265
79025862004
380987973514
79025008091
79030866636
79022543338
79826128395
Номер телефона скрыт
79827613515
79630386205
79221662243
79028785685
79024409803
79538266116
79506582573
79630351500
79221188365
79089059704
79505437084
79533890292
79505543403
79655126334
79028798893
79022584470
79505430931
79022717935
79826572268
79530489168
79536078585
79527419221
79034578737
79623400730
Номер телефона скрыт
79506331181
79521345653
79089122780
79089085302
79527349448
79003811540
79049803766
79506521090
79536010460
79920036979
79536054341
79122137200
79538283769
79122650687
79530095655
79086302482
79003767325
79012101479
79122613652
79226105269
79827567169
79002071113
79126463505
79826778438
79126164176
79995100349
79505557964
79022576251
79089024871
79530524367
79632707237
79122876348
79533817275
79002067430
79126400263
79002131508
79089016562
79827660149
79043887440
79127283226
79061564561
79538216396
79961815702
79530058021
79920193411
79049899653
79506382069
79530487268
79014535176
79826583518
79041734147
79193745154
79024410695
79920252887
79407332396
79634495743
79827592794
79220236928
79021512772
79505581521
79041678381
79022601736
79053205496
79089067765
79527369517
79505414338
79086391800
79045400609
79021886482
79527291807
79623867367
79506533828
79193937678
79041757539
79122561729
79122525441
79089015462
79521346310
79527348134
79222363126
79505635185
79506538139
79120396229
79225003110
79587199619
79014393287
79963136560
79221170219
79826895748
79827093013
79920186052
79317062407
79826033895
79536043487
Номер телефона скрыт
380668045054
380955449150
380502327887
380713343277
Номер телефона скрыт
380714837220
380714081283
Номер телефона скрыт
79493487523
380666137348
380714057319
Номер телефона скрыт
Номер телефона скрыт
Номер телефона скрыт
380714509615
34631769580
380713034113
Номер телефона скрыт
380508171442
380713909384
375447165056
996778545835
996220910196
996507322101
996703858582
996777578788
